HATLAS IAU ID HATLASJ125026.0+252947 HATLASJ132149.3+225342
HATLASJ125440.7+285619 HATLASJ131136.9+225454 HATLASJ132035.3+340824
HATLASJ133955.6+282402 HATLASJ125144.9+254615 HATLASJ131503.5+243709
HATLASJ133457.2+340238 HATLASJ125253.6+282216 HATLASJ132815.2+320157
HATLASJ134308.8+302016 HATLASJ131206.6+240543 HATLASJ132255.7+265857
HATLASJ131612.2+305702 HATLASJ130547.6+274405 HATLASJ130514.1+315959
HATLASJ130056.1+274727 HATLASJ133026.1+313707 HATLASJ124610.1+304355
HATLASJ130125.2+291849 HATLASJ130947.5+285424 HATLASJ130617.2+290346
HATLASJ131241.9+224950 HATLASJ131101.7+293442 HATLASJ125108.4+284705
HATLASJ133550.1+345957 HATLASJ132948.2+310748 HATLASJ131730.6+310533
HATLASJ131327.0+274807 HATLASJ133554.6+353511 HATLASJ125008.7+330933
HATLASJ131745.2+273411

F350BEST

12.128 5.82 4.974 3.469 2.255 1.701 1.589 1.588 1.311 1.168 1.043
1.032 1.019 0.987 0.925 0.922 0.832 0.769 0.737 0.718 0.701 0.680
0.675 0.650 0.628 0.611 0.602 0.559 0.548 0.520 0.510 0.509 0.500

2.696 3.611 0.285 0.304 0.009 0.131 0.215 0.008 0.108 0.099 0.093
0.114 0.029 0.094 0.117 0.118 0.104 0.023 0.100 0.047 0.008 0.122
0.103 0.154 0.089 0.090 0.025 0.017 0.021 0.114 0.079 0.022 0.019

FPlanck350

12.972 nan  5.254 3.684 2.199 1.563 1.740 2.101 1.454 0.985 1.022
0.605 1.444 0.958 1.498 1.278 0.840 0.934 0.861 0.525 0.854 0.971
1.057 0.230 1.114 0.661 1.056 0.580 0.610 1.149 0.925 0.521 1.178

0.621 NaN   0.204 0.265 0.270 0.181 0.154 0.298 0.271 0.142 0.280
0.288 0.278 0.228 0.310 0.442 0.165 0.269 0.220 0.342 0.233 0.168
0.288 0.209 0.409 0.285 0.236 0.308 0.253 0.379 0.148 0.209 0.230

F500BEST

5.208 0.058 1.678 1.279 0.715 0.570 0.639 0.544 0.444 0.359 0.362
0.319 0.385 0.330 0.346 0.363 0.258 0.268 0.267 0.241 0.232 0.220
0.247 0.253 0.189 0.245 0.200 0.190 0.196 0.195 0.187 0.190 0.169

1.160 0.151 0.126 0.134 0.009 0.061 0.096 0.009 0.051 0.008 0.044
0.009 0.020 0.045 0.055 0.055 0.008 0.018 0.047 0.009 0.009 0.057
0.049 0.072 0.008 0.043 0.019 0.014 0.016 0.053 0.038 0.017 0.015


FPlanck500

5.666 NaN 1.836 1.328 0.869 0.471 0.842 0.976 0.424 0.512 NaN NaN NaN
NaN NaN 0.760 NaN NaN NaN NaN NaN NaN NaN NaN NaN NaN NaN NaN NaN NaN
NaN NaN NaN

0.393 NaN 0.176 0.161 0.200 0.130 0.176 0.207 0.275 0.157 NaN NaN NaN
NaN NaN 0.292 NaN NaN NaN NaN NaN NaN NaN NaN NaN NaN NaN NaN NaN NaN
NaN NaN NaN



